1_2.png
11,199,11,212,11,247,12,100,12,221,13,220,13,266,14,111,14,143,14,156,14,167,14,177,15,205,15,333,16,153,16,233,16,301,17,127,17,172,17,200,17,255,17,319,18,222,18,224,18,288,18,289,18,310,19,150,19,224,19,336,20,169,20,282,20,337,21,82,21,168,22,71,22,114,22,336,23,246,24,79,24,239,24,259,24,266,29,77,29,329,32,192,33,115,34,53,35,325,36,186,38,112,38,183,41,111,41,178,43,268,44,275,45,36,45,108,46,36,48,239,48,246,48,272,51,54,51,255,54,33,55,53,57,33,57,52,57,233,61,30,61,234,63,50,70,231,71,18,73,196,73,314,75,17,76,15,76,192,78,282,81,15,81,189,81,316,82,302,83,285,85,276,85,310,87,15,88,305,88,307,90,15,90,196,90,271,93,267,94,97,94,207,95,53,95,311,97,15,97,97,97,190,97,306,98,336,99,320,101,53,101,288,103,9,103,312,104,15,104,291,105,10,105,279,107,89,110,10,114,9,114,30,116,47,117,30,117,304,117,336,118,290,120,300,121,11,122,11,123,208,123,292,124,291,127,273,128,268,130,3,130,13,130,118,131,298,135,12,135,295,137,97,137,107,140,15,140,34,142,92,142,161,142,331,143,188,143,336,145,36,151,79,154,18,155,331,155,333,158,19,164,23,167,172,172,170,172,171,173,116,187,228,189,252,190,44,199,336,200,69,202,174,202,304,203,73,207,66,209,78,214,317,216,336,218,165,219,165,220,163,221,161,221,164,222,100,223,235,226,336,227,231,227,234,228,118,228,138,230,132,233,145,233,146,233,158,235,173,238,191,238,285,239,208,240,224,241,251,242,279,244,315
1,1,1,1,1,1,1,1,1,1,1,1,1,1,1,1,1,1,1,1,1,1,1,1,1,1,1,1,1,1,1,1,3,1,1,1,1,3,1,1,1,1,1,1,1,1,1,1,1,1,1,1,1,1,1,1,1,1,1,1,1,1,1,3,1,1,1,1,1,1,3,1,1,1,1,1,1,3,1,3,1,3,1,1,3,3,1,1,1,1,1,1,1,1,1,1,1,1,1,1,1,1,1,1,1,3,1,1,1,3,1,1,1,1,1,1,1,1,1,3,3,1,1,1,3,3,1,3,3,1,1,1,3,1,1,3,1,1,1,3,3,3,3,3,1,1,1,3,3,1,1,3,1,3,1,1,3,1,3,1,3,3,1,1,1,3,3,3,3,3,1,3,1,3,1,1,3,1,1,1,1,1,1,1,1,1,1,1,1,1,1

1_3.png
4,278,4,317,4,333,7,241,8,228,9,212,9,233,11,193,12,139,12,180,13,104,13,150,13,219,14,116,14,246,15,91,15,162,15,214,15,333,16,82,17,90,17,125,17,182,17,235,19,265,21,259,21,307,22,57,22,66,22,252,23,57,23,86,26,53,26,198,29,194,31,206,34,201,35,257,36,123,37,257,37,336,39,120,41,283,46,35,47,252,48,244,48,251,48,259,49,268,50,34,54,265,55,33,56,246,59,246,59,269,61,20,65,227,65,230,68,246,72,211,74,327,75,207,75,225,76,221,78,295,79,27,80,204,82,299,82,316,84,26,85,289,88,65,89,11,89,211,93,221,94,64,96,207,99,264,99,268,100,333,101,27,101,101,103,285,103,303,103,327,104,34,105,296,106,33,106,297,106,299,106,325,107,298,108,59,111,328,112,288,115,15,118,336,119,303,120,23,121,13,122,222,122,306,124,222,125,131,125,221,125,302,127,25,128,336,130,110,131,119,131,311,134,105,135,309,140,176,141,203,145,92,161,336,164,134,166,188,167,27,167,130,169,132,173,336,174,40,174,144,178,140,180,42,185,244,185,336,186,47,188,266,192,60,199,192,202,319,203,337,207,84,207,94,211,121,212,114,212,156,214,137,214,332,216,150,216,160,216,180,217,162,217,171,220,165,222,167,222,211,224,191,225,216,225,247,225,336,227,195,228,196,231,247,231,307,231,313,233,218,233,252,233,331,234,232,234,254,234,278
1,1,1,1,1,1,1,1,1,1,1,1,1,1,1,1,1,1,3,1,1,1,1,1,3,1,3,1,1,1,1,1,1,1,1,1,1,3,1,1,3,1,1,1,1,1,1,1,3,1,3,1,1,3,3,1,1,1,1,1,1,1,1,1,3,1,3,3,1,1,3,1,1,1,1,1,1,1,1,1,1,1,3,3,1,1,1,1,3,3,3,3,1,3,3,1,3,3,1,1,3,3,3,1,1,1,1,3,3,1,3,3,1,3,3,1,3,3,3,1,1,3,3,1,3,3,1,1,3,1,3,1,3,3,3,1,1,1,1,1,1,3,1,1,1,1,1,1,1,1,1,1,1,3,1,1,1,1,1,1,1,1,1,1,1

1_4.png
9,234,9,304,10,253,10,255,10,297,10,301,10,330,10,331,11,178,11,209,11,231,11,293,12,189,12,226,12,246,12,284,13,282,13,322,14,279,16,104,16,310,16,330,17,90,18,115,18,150,18,302,18,304,19,256,20,295,21,123,21,177,21,246,21,249,22,75,23,122,23,236,23,241,24,172,25,129,25,219,25,232,26,83,28,117,29,59,30,59,30,336,32,78,33,56,33,169,33,234,33,268,33,276,35,226,37,319,37,326,39,117,39,293,39,321,40,253,40,321,41,184,41,247,41,313,42,40,42,240,43,105,43,114,43,260,44,81,44,180,44,267,46,113,47,101,47,192,48,78,50,154,50,187,51,57,52,77,52,109,53,152,54,332,55,244,56,55,57,75,57,244,58,35,58,55,59,190,60,63,60,326,61,33,62,184,63,62,63,269,64,52,64,336,65,41,65,275,66,247,67,239,68,21,69,40,69,272,70,21,70,255,72,59,75,19,75,232,75,252,76,58,76,67,76,232,79,66,80,255,81,18,86,17,88,196,88,230,91,190,92,17,96,16,96,54,96,123,97,315,98,187,99,221,99,282,99,328,100,216,101,11,101,121,101,323,102,17,102,54,103,12,104,304,105,195,105,284,105,317,106,275,107,11,107,24,107,312,110,205,110,270,111,12,111,23,111,89,113,31,113,190,113,265,115,48,117,12,117,32,118,312,120,307,121,13,121,324,123,32,123,288,123,321,124,320,126,4,126,335,127,4,127,32,127,290,128,311,129,14,132,280,134,14,135,4,135,5,135,24,135,336,137,25,137,116,139,204,140,17,140,35,141,204,141,289,142,336,143,96,143,104,143,202,145,291,146,36,146,91,147,44,148,287,151,45,152,19,154,78,154,296,155,158,157,183,158,19,158,293,160,336,161,22,164,331,166,330,167,58,169,60,169,336,177,335,181,114,183,40,185,165,193,90,194,64,195,57,195,336,195,337,197,91,197,127,200,131,204,225,208,176,208,248,209,84,211,250,212,175,212,253,214,97,214,172,217,118,217,127,219,121,221,115,221,133,223,124,223,135,224,158,224,302,227,163,228,149,229,164,229,337,231,171,234,186,235,175,237,208,237,336,238,337,239,234,239,266,239,326,239,328
1,1,1,1,1,1,1,1,1,1,1,1,1,1,1,1,1,1,1,1,1,1,1,1,1,1,1,1,1,1,1,1,1,1,1,1,1,1,1,3,1,1,1,1,1,3,1,1,1,1,1,1,1,1,3,1,1,3,3,3,1,1,1,1,1,1,1,1,1,1,1,1,1,1,1,1,1,1,1,1,1,1,3,1,1,1,1,1,1,1,1,1,1,1,1,1,3,1,1,1,1,1,1,1,1,3,1,1,1,3,1,1,1,1,3,1,1,1,1,1,1,1,1,1,1,3,1,3,1,1,1,1,1,1,1,1,1,1,3,1,3,1,1,1,1,1,1,1,1,1,1,1,1,1,1,1,1,1,1,1,3,1,1,1,1,1,1,3,1,1,3,1,1,1,1,3,1,1,3,1,1,3,3,3,3,1,1,3,1,3,1,1,1,1,1,3,3,3,1,1,1,1,1,3,1,1,3,3,1,1,1,1,1,1,1,3,1,1,1,1,3,3,1,1,3,1,1,3,1,1,1,1,1,1,1,1,3,1,1,1,3,1,1,1,1,1,3,1,1,1,1

1_5.png
10,325,11,228,11,245,11,247,11,282,11,284,12,278,13,206,13,240,13,276,14,175,14,271,14,315,14,332,15,188,15,308,16,198,16,306,17,107,17,153,17,261,17,300,18,117,18,165,18,251,18,254,18,293,18,325,19,181,19,194,19,289,20,246,20,319,21,126,21,162,22,176,23,123,23,224,23,267,24,132,25,263,26,86,27,74,27,84,28,118,30,276,30,280,30,336,31,173,31,239,32,59,32,82,33,228,34,313,35,310,35,325,36,298,36,327,37,258,38,120,38,252,38,318,39,246,40,189,40,265,41,273,41,336,42,186,43,116,45,197,46,115,47,41,47,79,48,192,50,80,50,112,50,169,51,336,51,337,54,166,57,330,61,26,61,273,62,281,64,244,66,250,66,277,67,260,72,237,72,257,76,237,77,261,80,12,81,11,81,216,81,219,81,336,83,12,86,235,92,336,95,192,95,319,96,288,97,328,97,330,102,290,102,307,102,321,103,280,104,199,105,316,106,21,108,27,108,275,108,312,109,209,111,195,111,270,111,307,112,26,113,92,115,5,115,334,116,51,117,330,118,328,119,5,120,293,120,325,121,324,124,283,124,296,124,316,124,337,127,6,132,337,136,120,137,209,138,294,140,209,141,45,141,208,141,337,142,38,142,296,143,100,144,108,145,292,147,94,151,301,152,336,153,163,154,81,155,298,156,189,160,15,164,333,173,30,174,336,178,81,178,117,180,174,181,76,182,126,185,122,186,129,190,125,199,51,203,229,206,253,207,177,212,80,212,175,213,73,213,176,213,336,221,337,222,306,225,110,226,102,228,337,230,126,231,165,232,156,233,139,235,152,235,319,237,173,237,323,237,332,238,195,238,281,238,328,239,217,239,249,240,187
1,1,1,1,1,1,1,1,1,1,1,1,1,1,1,1,1,1,1,1,1,1,1,1,1,1,1,1,1,1,1,1,1,1,1,1,1,3,1,1,1,1,1,1,1,1,1,3,1,1,1,1,1,1,1,1,1,3,3,1,1,1,1,1,1,1,3,1,1,1,1,1,1,1,3,1,1,1,3,1,1,1,1,1,1,1,1,3,1,3,3,3,1,1,1,1,3,1,1,3,3,1,3,1,1,3,1,1,3,1,1,1,1,1,1,1,1,1,1,1,1,1,1,1,1,1,1,3,1,1,1,3,1,3,1,3,1,3,3,3,3,1,3,3,3,3,1,1,3,3,3,3,1,1,3,1,3,1,3,3,1,3,3,3,3,3,3,1,1,3,3,1,3,1,3,3,1,3,1,1,3,1,1,1,1,1,3,1,1,1,1,1,1,1,1,1

1_6.png
9,270,10,135,10,149,10,150,10,165,10,181,10,199,10,234,10,241,10,255,10,262,11,123,11,179,11,311,12,85,12,94,12,113,12,148,12,161,12,176,12,297,13,284,13,332,15,156,15,189,16,76,16,101,16,316,17,262,19,182,19,270,20,90,20,118,21,65,22,57,22,266,24,89,24,116,24,250,27,187,27,319,28,185,30,246,31,199,31,202,31,236,32,314,33,236,34,42,34,250,35,294,39,211,40,207,40,291,43,226,44,29,46,191,48,311,49,186,54,275,55,183,59,277,59,295,59,310,61,268,62,15,62,304,63,190,67,15,67,200,71,184,72,15,73,304,73,321,74,299,75,15,76,84,76,316,77,84,77,88,78,312,79,280,80,14,81,282,81,305,85,264,85,266,85,274,88,9,88,259,89,16,91,21,91,259,92,45,92,330,94,21,96,199,96,280,97,10,98,110,99,283,99,337,102,280,103,332,105,12,106,98,107,327,108,90,108,148,109,11,109,287,112,86,113,145,113,285,114,153,116,12,116,179,116,327,119,321,123,319,124,74,126,6,127,149,128,6,129,147,137,316,137,323,138,336,140,164,141,107,143,113,144,112,144,114,145,111,152,324,155,25,156,179,161,177,164,240,166,336,167,218,168,169,173,168,175,165,181,291,183,327,185,50,188,75,189,154,194,303,196,85,197,221,197,323,198,98,198,318,199,110,201,221,202,218,202,328,204,126,207,138,208,324,210,157,210,164,211,328,215,268,217,177,217,220,218,178,218,189,218,204,218,265,218,323,219,224,219,263,220,329,221,211,221,335,222,212,227,239,227,282,227,330,231,294,231,322,232,272,234,304,235,307,236,307
1,1,1,1,1,1,1,1,1,1,1,1,1,1,1,1,1,1,1,1,1,1,1,1,3,1,1,1,1,1,1,1,1,1,1,1,1,1,3,3,1,3,3,1,1,1,1,3,1,3,1,1,1,1,1,1,1,1,1,3,3,3,1,1,3,1,1,1,1,1,1,1,1,1,1,1,3,1,1,3,1,3,1,3,1,1,1,3,1,1,1,1,3,1,3,1,3,3,1,1,3,3,1,1,1,1,1,3,3,1,3,3,1,1,3,1,3,1,1,3,1,1,3,1,1,1,1,3,3,1,3,3,3,3,1,1,3,3,3,3,3,3,3,3,3,3,1,3,3,3,1,3,1,1,1,1,3,1,1,1,1,1,1,1,1,1,1,1,1,1,1,1,1,1,3,1,1,1,1,1,1,1,1,1,1,1,1,1

1_7.png
9,308,10,196,10,263,10,326,11,212,11,223,12,177,12,220,13,139,14,166,15,81,15,104,15,127,15,151,16,80,16,235,16,275,17,92,17,170,17,269,18,226,19,68,19,113,22,75,22,317,22,337,23,292,23,320,24,247,24,254,24,312,25,241,27,116,27,261,28,266,31,113,32,191,34,111,34,186,35,50,39,108,39,244,39,327,41,244,42,325,43,55,46,34,46,270,48,53,50,33,52,52,54,255,55,30,57,50,58,232,58,252,62,232,63,256,65,216,66,210,67,17,67,19,71,16,71,232,72,17,73,194,73,222,74,219,76,15,76,189,78,15,81,312,82,15,82,187,83,282,84,307,85,307,85,336,86,15,87,286,88,302,89,194,90,276,93,15,94,204,94,271,95,336,97,188,97,265,99,9,100,15,102,93,106,337,107,287,107,318,109,47,110,48,110,289,110,312,111,9,112,54,113,46,113,272,113,282,116,11,116,94,117,54,118,272,119,335,120,95,120,270,121,11,121,264,123,204,123,289,124,204,125,116,126,4,126,13,126,202,127,4,128,291,130,104,131,13,131,96,131,287,133,4,134,5,134,32,135,14,135,91,137,295,139,35,139,158,141,292,142,183,142,337,143,77,143,335,146,330,150,327,152,334,158,23,159,335,159,336,162,331,164,331,165,168,167,114,179,332,185,336,188,222,191,246,192,47,193,173,199,65,199,171,200,171,205,68,206,69,208,299,208,335,210,84,215,97,215,162,217,112,218,158,218,161,220,153,221,134,221,311,221,336,222,126,222,156,223,188,223,331,224,327,226,193,227,153,228,225,228,336,229,167,233,331,236,212,236,284,237,184,237,233,237,291,238,201,238,307,240,260
1,1,1,1,1,1,1,1,1,1,1,1,1,1,1,1,1,1,1,1,1,1,1,1,1,1,1,3,1,3,1,1,1,1,1,1,1,1,1,1,1,3,1,1,1,1,1,1,1,1,1,3,1,1,1,3,3,3,1,1,1,1,1,1,1,1,1,1,1,1,1,1,1,3,3,1,1,3,1,3,1,1,3,1,1,1,3,1,1,1,1,3,3,3,1,1,1,3,1,1,1,1,1,3,1,1,1,3,3,1,3,1,3,3,3,3,1,1,1,1,1,3,1,1,3,1,1,1,1,1,3,3,1,3,1,3,3,1,1,1,3,3,1,3,3,3,1,3,1,1,1,1,3,1,3,1,3,3,1,1,3,3,1,1,3,1,1,3,1,1,3,3,1,1,1,1,1,1,1,1,1,1,1,1,1,1,1,1,1,1,1

6_1.png
9,292,10,253,10,276,10,289,11,201,11,216,11,228,11,241,11,263,11,306,11,324,13,166,13,284,15,105,15,143,16,66,16,79,16,92,16,129,16,152,16,185,16,281,17,55,17,64,17,78,17,116,17,173,18,279,20,149,21,74,21,87,22,61,22,191,23,72,24,98,24,145,26,66,26,84,27,96,27,187,28,58,28,132,28,309,31,103,31,128,33,43,34,90,37,100,38,88,43,50,54,35,54,104,55,31,56,42,56,275,62,42,62,270,64,41,66,8,66,330,67,8,69,39,70,41,72,336,73,194,74,38,75,198,75,199,76,38,76,159,76,236,79,198,79,326,81,326,82,25,83,278,84,36,87,18,87,275,88,188,90,6,91,198,92,25,94,149,95,155,95,336,97,317,98,191,99,27,101,27,101,75,102,237,104,27,105,36,107,18,110,43,111,55,111,81,111,234,111,321,113,59,113,238,114,18,115,95,116,29,116,43,117,31,121,52,121,60,122,67,123,30,124,170,124,177,125,52,127,67,127,68,128,41,128,43,131,19,135,21,135,31,135,319,137,142,137,328,139,2,140,64,140,328,141,32,144,149,146,66,146,330,147,11,148,5,150,327,151,34,151,145,151,203,152,196,152,264,154,259,154,285,154,295,156,88,156,334,157,58,158,57,158,297,159,36,159,89,159,325,160,27,160,249,160,306,161,16,161,238,161,298,162,47,162,148,162,149,162,291,162,329,163,3,163,5,163,320,164,58,164,281,165,29,166,17,166,253,166,327,167,16,167,29,168,49,168,273,169,6,169,50,169,57,169,81,170,43,170,229,171,289,171,308,172,267,173,82,173,317,174,8,174,45,174,46,175,45,175,251,176,223,176,252,176,321,177,72,177,231,177,259,177,288,178,289,178,314,179,246,180,34,180,289,181,48,181,226,183,238,184,36,184,74,185,330,186,329,187,38,187,296,187,324,188,39,188,324,189,29,190,29,191,305,191,307,192,301,193,51,193,331,194,41,194,332,196,52,200,27,201,28,203,331,205,336,210,336,211,49,214,62,218,277,219,278,220,76,222,328,224,147,228,93,229,152,230,107,232,118,232,129,232,336,234,146,235,242,235,258,235,275,235,293,235,315,236,132,236,134,236,158,237,170,237,191,237,224,237,234,238,203,238,212,239,181
1,1,1,1,1,1,1,1,1,1,1,1,1,1,1,1,1,1,1,1,1,1,1,1,1,1,1,1,1,1,1,1,1,1,1,1,1,1,1,1,1,1,1,1,1,1,1,1,1,1,1,3,1,1,1,1,1,1,1,1,1,1,1,3,3,1,3,1,1,3,3,1,1,3,1,1,1,1,1,3,1,3,1,3,3,1,4,1,1,1,1,3,1,1,1,1,3,1,3,3,1,3,1,1,3,1,1,1,1,1,1,3,3,1,1,1,3,1,1,1,1,3,1,1,1,1,1,1,3,1,1,3,1,3,1,1,3,3,1,3,3,1,1,3,1,3,4,1,1,1,1,1,1,1,3,1,1,1,1,3,1,3,1,1,1,1,1,1,1,1,1,1,1,1,1,1,1,1,1,3,1,1,3,1,1,1,3,1,1,1,3,1,1,3,3,3,3,3,1,3,1,3,1,3,3,1,3,3,1,1,1,1,1,1,1,1,1,1,1,1,1,1,1,1,1,1,3,3,3,1,1,1,1,1,1,1,1,1,1,1,1,1,1,1,1,1,1,1,1,1,1,1,1,1,1,1,1,1

6_2.png
12,287,12,299,12,312,12,325,13,112,13,256,13,278,14,124,14,145,14,157,14,168,14,181,14,234,14,245,15,134,15,214,15,223,16,190,17,200,18,282,19,269,20,88,20,98,22,278,24,336,26,207,27,215,28,57,28,69,28,107,33,47,38,245,40,200,41,52,45,52,46,164,48,209,52,138,53,40,54,61,55,145,56,38,56,237,57,234,58,41,58,205,59,38,61,201,64,332,65,37,65,199,66,62,66,155,67,62,67,161,70,27,70,37,70,60,72,246,74,38,75,17,77,36,79,69,81,27,81,48,84,77,85,329,86,27,86,48,87,68,88,9,90,78,90,94,90,316,92,312,93,39,93,84,94,78,95,330,96,58,98,45,99,56,99,320,99,325,100,56,100,325,104,56,104,314,104,315,105,21,105,46,105,63,106,70,106,329,107,55,107,78,108,249,109,22,109,151,109,310,110,243,110,296,111,55,111,275,111,327,112,79,112,275,112,314,112,334,113,276,114,271,114,307,114,322,116,290,117,310,119,277,119,287,119,301,120,157,120,274,121,319,122,70,122,154,123,48,124,68,124,251,124,336,125,69,126,284,127,226,127,289,128,218,128,335,129,49,131,160,131,278,132,72,133,209,133,267,134,202,134,325,136,61,137,3,137,153,137,271,138,259,139,241,140,62,140,318,141,239,141,333,142,259,142,316,142,334,143,18,145,13,145,250,146,4,148,63,149,42,149,53,149,311,149,323,150,264,152,6,153,56,153,336,154,8,154,47,154,76,154,256,156,58,157,48,157,65,158,66,158,79,160,26,160,51,160,79,163,54,164,26,165,40,165,68,166,27,167,82,167,251,167,266,167,336,169,31,169,321,170,30,170,42,170,57,172,21,173,243,173,290,176,261,177,321,178,297,181,36,182,23,182,25,183,38,183,286,186,43,188,28,188,315,189,295,192,32,192,38,193,47,194,39,195,48,196,48,197,249,197,306,197,335,198,313,199,61,201,305,202,245,204,87,204,89,205,75,205,325,206,65,207,77,208,48,208,67,209,327,210,57,212,51,212,287,212,311,214,315,214,334,216,72,216,296,217,74,217,337,218,56,218,296,218,337,219,57,219,281,219,294,220,292,220,295,220,306,221,87,221,334,222,75,222,296,223,87,223,263,223,300,223,314,227,173,227,295,231,97,232,178,232,239,232,291,233,247,235,111,236,168,236,293,236,295,236,328,236,329,238,123,238,253,238,274,239,154,239,183,239,224,239,237,239,322,240,142,240,211,241,200
1,1,1,1,1,1,1,1,1,1,1,1,1,1,1,1,1,1,1,1,3,1,1,1,3,3,3,1,1,3,1,3,3,1,1,3,3,3,1,1,3,1,3,1,1,3,3,1,3,1,1,1,3,1,3,1,1,1,3,1,1,1,1,1,1,1,3,1,1,1,1,1,3,3,1,1,1,1,3,1,1,1,3,3,1,1,1,1,1,1,1,1,1,1,1,1,3,1,1,3,3,3,1,1,3,1,3,3,1,1,3,3,1,1,1,1,3,3,3,3,3,1,1,1,1,3,3,1,1,3,3,3,1,1,3,3,1,3,3,3,1,1,1,3,3,3,3,1,3,3,1,3,3,1,3,1,3,3,1,1,1,3,1,3,1,1,3,1,1,3,3,1,1,1,1,3,1,1,3,1,1,1,1,1,3,3,3,3,1,3,1,1,1,1,3,3,3,3,3,1,1,1,1,3,1,1,3,3,1,1,1,1,1,1,3,3,3,3,1,1,3,3,1,1,3,1,1,1,1,1,1,1,3,3,3,1,1,3,1,1,1,3,1,1,3,3,1,3,3,3,3,1,3,1,3,1,3,1,3,1,1,1,1,1,1,1,3,1,1,1,1,1,1,1,1,1,1,1,1,1,1

6_3.png
7,312,7,322,7,323,7,335,8,286,8,299,10,201,10,334,11,208,11,236,11,252,11,261,11,272,12,167,12,187,12,330,13,115,13,217,13,227,13,241,14,125,14,136,14,158,15,315,16,146,16,177,17,106,19,94,19,111,20,235,21,275,23,79,25,272,31,158,33,65,34,160,36,54,37,193,39,159,39,226,40,196,43,322,44,62,44,224,45,234,48,189,52,41,53,40,54,62,54,231,56,62,56,235,59,61,61,38,64,28,66,19,66,20,68,318,70,28,70,68,70,76,70,327,71,20,71,49,71,335,76,67,77,48,78,20,78,313,79,314,80,82,81,57,81,325,82,28,83,12,83,28,83,30,83,40,83,95,84,12,84,21,84,47,84,202,84,335,85,57,87,57,87,317,87,318,88,297,88,332,89,300,89,305,90,192,90,202,90,282,90,306,91,14,91,261,92,23,92,322,93,55,93,199,93,308,94,69,94,303,94,309,95,47,95,62,95,143,95,256,95,328,96,77,96,318,97,295,97,337,98,5,98,23,98,55,98,336,99,4,99,77,100,324,101,150,101,306,102,246,103,55,103,246,105,237,106,273,106,323,107,324,108,269,108,270,108,274,108,336,109,147,111,263,113,68,113,289,114,284,114,312,115,253,117,248,117,255,120,70,120,227,121,237,122,291,123,224,123,301,125,236,126,301,129,297,129,298,130,310,131,7,131,249,133,52,134,7,136,53,136,328,138,242,139,44,140,54,140,63,140,327,140,328,141,334,142,11,142,27,142,36,143,26,143,129,145,49,145,64,146,14,147,39,149,16,149,40,150,78,150,132,152,40,153,28,153,274,154,6,155,54,156,19,156,250,157,80,158,31,158,33,158,245,158,273,159,284,159,329,159,334,160,57,162,24,163,11,164,281,164,282,165,36,167,300,168,26,170,282,172,17,172,27,173,41,174,9,174,17,174,301,174,333,175,8,175,334,177,45,178,294,179,20,179,32,181,41,181,293,182,11,184,36,184,151,185,15,185,313,187,42,188,156,190,45,191,28,191,46,191,315,192,299,193,54,194,39,194,86,194,240,195,244,195,304,195,336,196,304,196,326,197,32,197,326,198,304,199,50,199,89,200,33,200,59,200,254,200,281,200,295,202,323,203,69,203,289,203,329,204,46,204,304,206,71,206,235,208,75,208,241,212,189,215,51,215,168,215,194,215,230,215,250,216,238,216,285,218,283,218,336,219,55,219,174,220,255,221,256,221,262,224,164,226,102,226,124,226,188,227,88,227,170,227,206,227,332,228,129,229,93,229,315,229,317,230,117,230,212,232,94,232,106,232,311,233,80,233,107,233,185,233,195,235,161,235,208,235,232,235,266,236,147,236,189,236,200,236,249,236,293,237,180,237,190,237,219,238,123,238,202,239,126,239,138
1,1,1,1,1,1,1,1,1,1,1,1,1,1,1,1,1,1,1,1,1,1,1,1,1,1,1,1,1,3,1,1,1,3,1,1,1,1,1,1,3,3,1,1,3,1,1,1,1,3,1,3,1,1,1,1,1,3,1,1,1,1,1,1,3,1,1,1,1,1,1,1,3,1,1,1,1,1,1,1,1,1,1,1,1,1,1,1,3,3,1,1,3,1,3,1,1,1,1,1,1,3,1,1,1,1,1,1,1,3,1,1,1,1,3,1,1,1,1,1,1,1,3,3,3,1,1,3,3,1,1,1,3,3,3,1,3,1,1,3,1,3,1,3,1,3,1,1,3,1,3,3,1,3,1,1,3,1,1,1,3,3,1,1,1,1,3,3,1,1,1,3,1,1,1,1,1,1,1,3,1,1,1,3,1,1,1,1,3,1,1,3,1,3,1,1,1,1,1,1,3,1,3,1,3,1,1,1,1,1,1,1,1,1,1,3,1,1,1,1,1,1,1,1,3,1,1,1,1,1,1,3,1,1,1,1,1,3,3,3,1,1,1,3,1,1,1,1,1,1,3,1,1,1,1,1,3,1,1,1,1,1,1,1,1,1,1,1,1,3,3,1,1,1,1,1,1,1,1,1,1,1,1,1,1,1,1,1,1,1,1,1,1,1,1,1,1,1,1,1,1,1,1,1,1,1,1,1,1,1,1,1,1

6_4.png
10,129,11,151,12,100,12,139,12,163,12,176,12,196,12,208,12,219,12,228,13,112,13,186,13,239,13,246,13,253,13,263,13,273,13,309,14,283,14,294,14,320,15,84,15,332,16,73,17,73,19,83,19,246,20,336,23,69,24,81,25,69,25,286,28,80,29,282,32,79,32,168,33,202,35,89,36,206,37,77,38,236,40,88,41,244,42,66,43,54,43,55,43,74,43,235,43,244,45,64,45,198,46,244,50,73,50,328,52,87,54,62,55,62,55,86,55,239,56,80,57,194,57,243,58,61,58,71,60,61,61,193,63,79,64,86,68,128,69,80,69,99,70,165,70,168,71,70,71,322,76,128,76,330,77,90,78,79,79,330,81,88,83,316,84,66,84,79,84,146,84,316,84,331,85,56,85,78,85,89,86,57,87,67,88,326,89,56,89,89,90,57,90,78,90,79,92,152,92,300,93,319,93,320,93,335,94,264,95,79,95,260,95,285,95,307,95,333,96,108,96,303,96,308,98,148,98,325,99,304,100,57,100,110,100,328,101,57,102,297,103,109,105,240,106,110,108,90,110,70,110,80,110,272,111,277,112,287,113,91,113,266,113,306,113,323,113,324,115,70,115,335,116,81,118,258,118,284,118,310,119,233,120,70,120,224,120,231,122,83,124,70,124,230,125,320,126,291,126,321,128,300,129,83,130,72,130,128,131,72,132,327,133,293,133,327,134,307,137,76,137,129,140,52,141,64,141,86,141,325,144,87,145,53,145,332,147,336,148,330,150,101,150,111,152,55,152,331,154,114,156,104,159,270,160,13,160,270,161,13,162,332,162,336,164,324,164,336,166,329,167,72,167,131,168,331,171,76,171,86,172,63,173,145,174,133,175,78,176,88,178,149,180,125,180,327,181,288,181,327,183,80,183,92,184,49,184,335,185,53,185,286,185,336,186,95,186,105,186,129,187,45,188,46,189,107,189,166,190,74,190,305,191,234,191,324,191,337,192,57,192,324,193,57,193,239,194,76,194,100,194,171,194,306,196,87,199,140,200,247,201,80,201,142,201,316,202,116,202,176,202,294,202,317,203,79,203,274,203,295,204,94,204,106,205,95,205,108,205,157,205,227,205,336,206,106,206,120,206,233,206,279,207,71,207,72,209,96,209,98,210,124,210,163,210,185,211,107,211,224,213,126,214,115,214,151,214,243,215,229,215,329,216,116,216,127,216,178,217,275,217,332,218,157,218,275,218,336,219,118,219,184,219,247,220,119,220,142,220,247,221,197,222,161,222,253,223,170,225,110,225,181,226,109,226,182,227,201,228,195,228,203,229,335,230,248,231,220,231,232,231,267,232,316,233,291
1,1,1,1,1,1,1,1,1,1,1,1,1,1,1,1,1,1,1,1,1,1,1,1,1,1,3,3,1,1,1,1,1,1,1,1,1,1,3,1,1,1,1,1,1,1,1,1,3,1,1,3,1,3,1,1,1,1,3,1,1,3,1,1,1,1,1,1,1,1,1,3,1,1,3,1,1,1,1,1,1,1,1,1,1,1,1,1,1,1,1,1,3,1,1,1,1,1,3,3,1,1,1,1,1,3,3,1,3,1,1,1,1,1,1,1,1,1,1,1,1,3,1,1,1,1,1,3,1,1,3,1,1,1,1,3,1,3,3,1,3,1,3,3,1,1,1,1,1,1,1,1,1,1,1,1,1,1,1,1,1,1,1,1,3,1,1,3,3,3,1,1,1,1,1,1,1,1,1,1,3,3,1,3,1,1,1,1,1,3,1,1,1,1,3,1,1,1,3,1,1,1,1,1,1,1,1,1,1,1,1,1,1,1,1,3,1,1,3,1,1,1,1,1,1,1,1,1,1,1,1,1,1,1,1,1,1,1,1,1,1,1,1,1,1,1,3,3,1,1,1,1,1,1,1,1,1,1,1,1,1,1,1,1,1,1,1,1,1,1,1,1,1,3,1,1,1,1,1,1,1,1,1,1,1,1,1,1,1,1,1,3,1,1,1,1,1,1

6_5.png
11,292,11,306,12,255,12,264,12,320,13,244,14,233,15,274,17,110,17,119,17,164,17,187,17,199,17,210,17,219,18,129,18,153,18,177,20,140,21,97,23,276,23,321,25,317,28,81,28,296,28,297,29,68,30,69,31,269,33,107,34,332,35,55,36,54,38,65,40,64,43,63,45,63,45,234,46,120,47,121,48,157,50,62,51,157,51,276,54,58,56,272,57,156,60,190,63,194,63,225,64,68,64,336,66,335,70,187,70,223,70,234,71,44,71,55,71,56,71,65,72,44,73,55,76,336,78,55,79,64,79,320,80,229,82,55,82,233,83,71,87,62,89,53,91,71,92,76,96,71,97,62,97,90,102,62,102,63,104,314,106,71,107,323,110,137,112,71,113,70,113,309,113,310,117,71,118,48,118,60,118,144,118,320,119,71,119,162,120,50,120,60,121,257,121,294,122,278,122,312,122,332,123,72,123,257,123,313,124,141,124,164,124,289,124,290,125,328,125,335,127,318,127,336,129,50,130,51,130,291,131,232,131,323,132,269,132,272,135,303,136,83,136,264,138,321,139,64,139,270,140,280,141,259,143,85,143,280,143,319,144,64,144,243,145,243,145,278,146,251,146,284,147,224,147,305,148,64,148,238,150,217,152,230,154,64,155,284,155,315,156,316,158,67,160,295,161,293,162,291,162,292,162,321,163,56,163,304,163,323,164,335,165,72,167,58,168,69,169,58,171,46,171,321,176,328,177,49,178,327,182,243,183,330,184,53,184,268,185,41,185,240,187,41,187,265,190,315,192,329,193,319,194,321,194,329,195,273,196,274,197,326,198,329,200,142,201,59,203,73,205,146,205,290,207,292,208,122,210,286,210,324,211,77,212,128,213,47,213,283,214,49,215,163,215,324,215,333,215,335,216,298,219,71,219,169,221,54,221,97,221,322,222,56,222,73,222,322,222,336,223,59,223,85,223,305,224,57,224,72,224,76,226,175,226,292,227,88,227,187,227,244,228,88,228,103,229,79,230,190,231,92,231,156,231,180,231,316,232,180,232,272,232,316,233,133,234,80,234,170,234,277,234,337,235,95,235,146,235,193,236,106,236,121,236,173,236,185,236,293,237,185,238,176,238,196,238,198,238,221,238,237,239,209,239,256,239,273,239,278,240,272,240,298,240,323
1,1,1,1,1,1,1,1,1,1,1,1,1,1,1,1,1,1,1,1,1,1,1,1,1,3,1,1,1,1,1,1,1,1,1,1,1,3,1,3,3,1,1,1,1,1,1,1,3,1,1,1,1,1,1,3,1,1,1,1,1,1,3,1,1,3,3,1,3,1,1,1,1,1,1,1,1,1,1,3,1,1,1,1,1,1,1,1,1,1,3,3,1,1,1,1,1,3,3,1,1,1,1,1,1,1,1,3,3,1,1,1,1,1,1,3,1,3,1,3,1,1,3,1,3,1,3,1,3,1,1,1,1,3,3,1,3,1,1,3,3,3,1,1,1,1,1,3,3,1,3,1,1,1,1,3,1,1,3,1,1,3,3,1,3,1,1,1,3,1,3,1,1,1,3,1,1,1,1,1,1,1,1,1,1,1,1,1,1,3,1,1,1,1,1,1,1,3,1,1,1,1,1,1,1,1,1,3,1,3,1,1,1,1,1,1,1,3,1,1,1,1,1,1,1,1,1,1,1,1,1,1,1,1,1,1,3,1,1,1,1,1,1,1,3,1,1,1,1,1,1,1,1,3,1,1,1,1

6_6.png
13,238,13,251,14,280,15,226,15,262,15,278,15,294,16,165,16,185,16,216,17,153,17,173,17,195,18,204,18,273,20,128,20,233,20,311,21,116,22,139,23,84,23,93,24,104,24,324,25,60,25,71,25,227,26,321,27,288,30,284,30,316,32,47,34,279,35,63,35,329,37,290,38,32,41,190,41,284,43,337,46,332,47,17,51,110,51,327,52,18,56,25,56,146,59,147,61,149,62,23,62,24,63,144,65,322,66,23,66,190,68,23,68,272,68,320,69,141,69,293,75,308,75,323,76,20,76,185,76,306,77,12,77,304,78,189,79,10,81,10,81,325,82,322,83,10,84,19,87,26,87,296,89,324,91,18,91,337,92,41,92,43,93,301,95,26,95,299,95,336,96,32,96,270,96,337,98,18,98,279,98,337,100,45,100,279,101,18,101,26,101,337,102,297,104,18,105,260,105,291,106,265,106,282,106,305,108,37,110,92,110,276,110,277,111,312,112,26,112,36,112,317,114,250,114,280,114,287,116,27,116,214,116,235,116,256,116,257,116,283,116,313,116,327,117,26,117,315,118,209,120,99,120,275,122,330,123,198,123,247,123,278,124,198,124,332,126,101,126,318,127,188,128,28,130,310,130,333,131,226,131,310,132,256,133,224,134,237,134,273,134,323,135,101,135,216,135,274,135,312,137,237,138,98,138,204,138,240,138,317,138,325,139,199,139,262,140,20,140,234,141,188,141,207,142,178,143,195,145,175,145,188,147,185,147,270,148,21,148,150,148,240,149,271,151,144,151,251,152,21,152,199,152,252,154,247,154,257,154,278,155,278,156,258,158,191,159,21,162,24,163,26,164,276,168,283,169,25,170,15,171,15,171,281,171,319,174,282,174,328,175,18,175,330,176,5,178,7,178,224,179,223,180,332,181,321,183,53,183,270,186,325,187,9,187,56,188,9,188,228,189,282,189,329,190,283,191,10,192,199,193,199,193,332,195,229,198,306,199,293,199,306,202,98,202,293,203,17,203,241,203,278,204,40,204,280,205,100,206,40,206,240,207,286,207,288,208,18,208,19,208,32,210,324,212,286,214,291,214,313,214,327,215,59,215,258,216,36,216,46,217,259,218,245,219,317,220,63,220,243,221,51,221,302,222,201,224,248,224,330,225,227,225,249,225,307,227,32,227,43,227,56,227,130,228,34,228,180,228,315,229,133,230,234,230,332,231,188,231,320,231,334,232,112,232,133,233,304,233,336,235,37,235,38,235,138,235,308,236,197,237,62,237,64,237,176,237,183,237,282,238,89,238,103,238,130,238,227,239,78,239,143,239,169,239,186,239,286,240,156,240,222,240,230,240,247,240,269,242,298,242,319,242,333
1,1,1,1,1,1,1,1,1,1,1,1,1,1,1,1,1,1,1,1,1,1,1,1,1,1,1,1,1,1,1,1,1,1,1,1,1,3,1,3,1,1,3,1,1,1,1,3,3,1,1,1,1,1,3,1,1,1,1,3,3,1,1,3,1,1,1,3,1,1,1,1,1,1,1,3,1,1,1,3,1,1,1,3,1,1,3,3,1,1,3,1,1,1,1,3,1,1,3,3,1,1,1,1,1,3,3,1,1,1,1,3,3,1,1,1,3,1,1,3,1,3,1,3,3,3,1,3,3,1,1,1,1,3,1,3,1,1,1,3,3,1,1,1,1,1,3,3,1,1,3,1,3,1,1,1,1,1,1,3,1,3,3,3,3,3,3,1,1,3,1,1,3,1,1,3,1,1,1,1,1,1,3,1,1,1,3,3,1,1,1,3,1,1,3,1,3,1,1,3,3,1,1,1,1,1,1,1,1,1,1,1,1,1,1,1,1,3,3,1,1,1,3,1,3,1,3,1,1,1,1,1,1,1,1,1,1,1,1,1,1,1,1,1,1,1,3,1,1,1,1,1,1,1,1,1,1,1,1,1,1,1,1,1,1,1,1,1,1,1,1,1,1,1,1,1,1,1,1,1,1,1,1,1,1,1,1,1,1,1,1,1,1,1,1,1,1,1,1,1,1,1

8_1.png
34,220,35,201,35,268,35,269,36,142,36,149,36,300,37,173,37,200,38,137,38,160,38,330,39,136,39,184,39,258,39,286,40,171,41,115,41,195,41,229,41,231,42,123,42,174,42,279,43,144,44,224,45,90,45,132,46,240,47,257,48,101,48,255,48,265,48,336,49,121,49,234,50,250,52,111,52,225,53,56,53,79,53,138,53,259,54,101,54,243,55,66,55,182,55,221,56,190,56,238,57,55,57,97,57,98,58,179,59,135,60,76,61,54,66,74,66,313,67,182,68,307,69,87,70,62,71,43,71,331,72,43,72,72,73,147,75,61,75,139,76,199,77,73,78,49,78,71,80,85,80,146,80,157,80,196,80,236,80,237,81,95,82,137,83,84,83,175,83,335,85,31,85,32,85,61,85,72,85,85,86,156,86,274,87,49,87,83,87,96,87,126,87,283,88,49,89,172,90,86,91,32,91,279,92,33,92,96,92,335,92,337,93,60,93,126,93,278,94,328,95,61,96,170,96,314,97,117,97,152,97,271,98,85,98,116,98,118,99,61,100,51,101,50,102,115,102,151,103,97,103,135,103,172,103,210,103,213,105,86,105,292,106,127,106,135,106,172,106,294,107,62,107,144,108,181,109,20,110,19,111,282,112,63,112,172,112,192,112,200,112,214,112,336,113,145,113,182,113,212,113,281,114,182,114,321,115,64,115,172,116,40,117,40,117,228,118,183,118,193,119,76,119,202,120,52,120,89,120,108,120,156,120,193,121,24,121,65,121,172,121,244,122,127,122,157,122,161,122,243,123,25,124,65,124,76,124,203,124,309,125,56,125,110,125,120,125,129,127,90,127,173,127,194,127,336,128,90,128,171,128,208,128,284,129,65,129,113,129,157,129,284,130,163,130,277,130,283,130,284,130,287,131,102,131,120,131,131,131,287,131,288,132,287,133,141,134,55,134,66,134,122,135,33,135,44,135,200,135,306,136,33,137,48,137,68,137,87,137,105,137,115,138,68,138,88,138,96,139,59,139,124,140,144,140,324,141,306,142,135,142,330,143,60,144,49,144,69,145,36,145,88,146,39,146,206,147,108,148,325,149,139,149,193,149,329,150,72,150,81,151,91,151,201,151,214,152,66,152,130,152,336,153,212,154,54,155,83,155,93,155,123,155,203,155,280,156,84,156,115,156,133,157,63,157,287,157,298,158,319,159,125,159,206,160,76,160,125,160,330,161,58,161,210,162,68,162,337,163,49,163,86,163,119,163,126,163,275,164,281,166,108,167,49,169,77,169,112,169,325,171,76,171,331,171,334,172,52,172,63,176,54,176,65,178,43,181,46,181,55,181,68,181,84,182,56,183,96,185,72,185,98,185,336,186,71,189,228,190,88,191,213,193,172,193,233,194,255,195,221,196,107,196,261,196,310,197,94,197,121,197,135,198,217,198,316,199,217,200,162,201,297,202,153,202,158,202,179,202,213,202,222,203,168,203,185,203,303,204,201,204,280,207,246,208,267,208,288,208,291,208,314,209,296,210,252,210,296,211,237,211,256,211,276,211,319,212,276,213,324
1,1,1,1,1,1,1,1,1,1,1,1,1,1,1,1,3,1,1,1,1,1,1,1,1,1,1,1,1,1,1,1,1,3,1,1,1,1,1,1,1,1,1,1,1,1,1,1,1,1,1,1,3,1,1,1,1,1,1,1,1,1,1,1,1,1,1,1,1,1,1,1,1,1,1,1,1,1,3,1,1,1,1,1,3,1,1,1,1,1,1,1,1,1,1,1,1,1,1,1,1,1,1,1,1,3,1,1,1,1,1,1,1,3,1,1,1,1,1,1,1,1,1,1,1,1,1,3,1,1,1,1,1,1,3,1,1,1,1,1,3,1,1,1,1,1,3,1,1,3,1,1,3,1,3,1,1,3,1,1,1,1,1,1,1,3,1,1,1,3,1,1,3,1,3,1,1,1,1,3,1,1,1,1,1,3,1,3,1,1,1,3,1,1,1,3,1,1,3,3,1,1,1,1,1,1,1,1,1,1,1,1,1,1,3,1,1,1,1,1,1,1,1,1,1,1,1,1,3,1,1,1,1,1,1,1,1,1,1,1,1,1,1,1,1,1,1,3,1,1,3,1,1,1,1,1,1,1,1,1,1,1,1,3,1,1,1,1,3,1,1,3,1,3,1,1,3,1,1,1,1,1,1,1,1,1,1,1,1,1,1,1,1,1,1,1,1,1,3,1,3,3,1,1,1,1,1,1,1,1,1,1,1,1,1,1,1,1,1,3,1,1,1,1,1,1,1,1,1,1,1,1,1,1,1,1,1,1,1,1,1,1,1,1,1

8_2.png
9,166,10,128,10,129,10,153,10,196,10,208,11,139,12,177,13,117,13,230,14,90,14,187,14,226,15,104,15,125,16,76,17,75,17,220,17,240,18,259,18,282,19,53,20,52,20,183,22,49,22,121,23,73,24,48,24,60,24,61,24,299,27,118,28,59,28,318,31,37,31,49,32,40,32,59,33,38,33,81,33,83,34,333,35,249,38,112,39,58,40,22,40,36,42,24,46,34,46,336,47,33,49,24,49,321,50,24,52,314,57,52,57,77,57,335,58,335,60,51,61,195,61,262,62,42,67,76,67,192,68,38,69,38,70,336,73,39,73,40,73,76,73,77,73,258,74,75,74,301,75,51,76,261,78,24,78,77,79,24,80,332,81,88,81,323,82,52,85,51,85,87,85,88,85,281,85,282,86,38,86,76,87,40,88,52,88,88,88,111,89,24,89,226,90,24,90,110,90,219,90,336,91,168,92,41,92,78,93,41,93,305,96,122,97,168,99,41,99,223,100,41,100,168,100,178,101,123,102,295,103,54,103,67,103,122,106,91,106,154,106,169,106,181,107,80,107,153,107,276,107,337,109,159,110,43,110,44,110,122,110,269,110,282,111,66,111,67,111,93,111,274,112,46,112,124,113,47,113,82,113,115,114,82,114,294,115,69,115,159,115,281,116,153,116,336,118,83,118,94,118,106,118,126,119,56,119,115,119,293,120,58,121,85,121,118,122,35,123,35,123,69,124,78,124,109,124,199,125,97,126,88,126,311,126,336,127,70,127,80,127,120,128,316,129,60,129,130,129,204,130,80,130,199,130,204,131,189,131,191,132,91,132,189,133,51,134,62,134,73,134,74,134,103,134,112,135,92,136,72,136,134,136,195,136,269,136,336,137,55,137,84,137,146,137,277,137,286,137,307,138,42,138,114,139,126,139,197,140,147,140,317,141,44,142,74,142,85,142,96,143,57,143,107,143,117,143,128,144,75,144,119,144,198,144,204,145,54,145,55,145,67,146,48,146,86,147,47,147,67,147,86,148,89,148,99,148,311,148,333,149,58,149,318,150,77,150,88,150,122,150,152,151,68,152,51,152,156,153,100,154,68,157,105,158,159,159,69,159,337,160,54,162,162,164,57,165,23,165,24,166,34,167,37,167,59,168,75,172,61,172,63,172,223,173,50,174,228,175,208,176,79,176,297,177,51,177,65,177,248,179,167,179,217,179,254,179,304,182,213,182,214,182,287,183,72,184,101,184,218,184,230,184,292,185,130,185,274,186,86,186,114,186,177,186,207,187,222,188,196,188,234,188,302,189,182,189,259,189,279,190,150,190,166,191,226,191,229,191,241,192,287,192,331,193,249,194,249
1,1,1,1,1,1,1,1,1,1,1,1,1,1,1,1,1,1,1,1,1,1,1,1,1,1,1,1,1,1,1,1,1,1,1,1,1,1,3,3,1,1,3,1,1,1,1,1,1,3,1,1,1,1,1,1,1,1,3,1,1,3,1,1,1,1,1,3,1,1,3,1,3,1,1,1,3,1,1,1,1,1,1,1,1,1,1,1,3,1,1,1,1,1,1,1,3,1,1,3,3,1,1,1,1,3,1,1,1,3,1,3,1,1,3,1,1,1,1,3,3,1,1,3,3,3,1,1,1,1,1,3,1,1,1,3,1,1,1,1,1,1,3,1,1,3,1,3,1,1,1,1,1,1,3,1,1,1,1,1,1,1,1,1,1,1,1,3,1,1,1,1,1,1,1,1,1,3,3,1,1,1,1,1,3,1,1,1,1,1,1,1,1,3,1,1,1,1,3,1,1,1,1,1,1,1,1,1,1,1,1,1,1,1,1,1,1,3,1,3,1,1,3,1,1,1,1,1,1,1,1,1,1,1,1,1,1,1,1,1,1,1,3,1,3,1,3,1,1,1,1,1,1,1,1,1,1,1,1,1,1,1,1,1,1,1,1,1,1,1,1,1,1,1,1,1,1,1,1,1,1,1,1,1,1,1,1,1,1,1,1,1,1,1,1,1,1,1,1

8_3.png
34,170,35,170,35,183,35,185,35,196,35,277,36,155,37,210,37,270,38,140,38,180,38,227,38,246,38,301,39,166,40,113,40,125,42,260,43,312,45,96,45,215,47,247,49,211,50,132,51,76,51,143,51,242,52,77,52,118,52,193,53,74,54,78,54,103,54,104,55,104,56,76,56,93,57,114,57,127,57,188,57,265,58,74,58,139,59,89,59,102,59,262,60,257,61,101,61,112,62,71,63,69,63,221,63,264,65,100,65,110,66,87,66,99,66,157,68,50,68,51,69,77,69,217,71,154,72,87,72,96,73,78,74,98,75,75,79,73,79,336,80,83,82,94,82,148,84,62,84,82,85,58,86,288,87,71,88,58,92,59,94,69,95,31,95,33,100,57,100,59,100,114,102,336,106,168,107,164,109,57,109,113,110,110,111,231,116,58,116,87,116,112,117,74,117,112,117,227,120,112,121,59,121,71,121,72,121,304,123,58,124,87,124,336,126,73,126,299,127,114,127,123,127,176,128,75,128,183,131,146,131,302,133,58,134,58,134,76,134,124,134,223,135,113,135,231,136,144,137,46,137,335,139,45,139,155,141,48,141,75,142,47,146,76,146,88,147,155,148,155,148,336,150,77,150,101,150,115,151,89,151,202,152,48,152,78,152,202,152,261,153,52,153,89,154,80,154,81,155,102,155,155,155,186,156,77,157,116,157,148,158,90,158,204,160,129,162,140,162,148,163,89,163,316,164,68,164,119,164,192,164,201,165,68,165,320,166,82,166,111,166,308,167,82,167,114,167,152,168,141,168,314,168,336,169,121,169,131,169,182,170,319,171,151,173,94,175,84,175,114,175,163,176,75,176,125,176,296,176,336,177,135,177,155,178,96,178,106,179,87,180,118,180,126,180,301,181,156,182,77,182,166,184,108,184,118,184,156,187,87,187,130,187,141,188,81,188,108,189,160,190,92,191,122,192,102,192,314,193,121,193,330,194,133,194,319,195,101,196,114,196,153,196,336,197,86,197,241,201,101,201,102,203,103,204,105,208,119,209,104,211,107,211,144,213,136,213,146,215,328,216,306,218,332,219,167,219,311,219,313,220,151,220,254,222,224,222,297,224,185,224,258,225,214,225,261,225,281,226,200,226,248,226,268,228,269
1,1,1,1,1,1,1,1,1,1,1,1,1,1,1,1,1,1,1,1,1,1,1,1,1,1,1,1,1,1,1,1,1,3,1,3,1,1,1,1,1,1,1,3,1,3,1,1,1,1,1,1,3,1,1,1,1,1,1,1,1,1,1,1,1,1,1,3,1,3,1,1,1,1,1,1,3,1,1,1,1,1,1,1,1,1,3,3,1,1,1,1,1,1,1,1,1,3,1,3,1,1,1,1,1,1,3,1,3,1,1,3,1,3,1,3,1,1,1,1,3,1,3,1,1,3,1,1,1,1,1,1,1,1,1,3,1,1,1,1,3,1,1,1,3,1,1,1,1,1,1,3,1,1,1,1,1,1,1,1,1,3,1,1,1,1,1,3,1,1,1,1,1,1,1,3,3,1,1,3,3,1,1,1,1,1,1,1,1,3,1,1,1,1,1,1,1,1,1,1,1,1,1,1,1,1,1,1,1,1,1,1,1,1,1,3,1,1,1,1,1,3,1,3,1,1,1,1,1,1,1,3,1,3,1,1,1,1,1,1,1,1,1,1,1,1,1,1,1,1,1,1,1

8_4.png
44,304,44,329,47,247,47,260,47,273,48,232,48,258,48,272,51,266,54,198,54,336,56,171,57,219,58,184,59,207,61,124,61,137,62,157,62,216,63,120,63,156,64,121,68,154,68,273,69,86,71,107,72,95,73,83,73,95,73,151,73,287,74,274,76,63,76,336,78,93,80,72,81,83,81,93,87,136,89,91,93,43,98,336,99,304,102,228,103,26,103,111,104,109,105,111,108,224,110,299,111,65,115,108,115,302,116,40,116,43,120,336,123,15,124,13,125,14,130,70,130,336,131,120,132,55,132,58,132,73,133,108,134,45,135,199,137,73,137,120,138,41,138,71,139,25,139,110,139,259,141,154,141,199,142,15,143,29,143,200,143,312,144,26,146,320,147,18,147,155,149,28,149,31,149,152,149,194,150,30,150,75,150,186,150,318,151,73,151,202,151,336,152,182,152,196,154,9,154,44,154,113,154,189,155,19,155,48,156,8,157,89,157,154,158,87,158,336,159,33,159,146,160,62,160,190,161,11,161,114,162,12,162,22,162,36,163,60,164,126,165,232,166,138,166,147,167,25,167,51,167,180,168,61,168,116,168,335,169,64,169,88,169,89,169,110,170,321,171,24,171,87,171,139,171,234,172,25,172,54,172,129,173,111,173,120,173,222,174,89,174,91,175,90,175,320,175,328,177,161,177,228,179,31,180,56,180,113,181,134,182,32,183,103,183,177,184,164,185,22,185,239,186,23,186,156,187,94,187,137,188,21,189,178,190,23,190,38,190,85,190,106,191,129,191,158,192,74,192,106,193,36,193,51,193,63,193,64,193,183,195,24,195,42,195,86,195,98,195,131,196,78,197,39,197,54,197,152,198,28,198,66,198,110,198,188,199,42,199,88,201,69,202,29,202,30,202,69,202,190,204,70,206,43,207,48,207,194,209,36,209,86,210,36,210,74,212,51,213,51,214,76,215,89,215,226,215,242,217,252,218,77,218,226,219,56,220,67,220,330,221,78,222,95,223,247,223,249,224,314,225,82,225,201,225,253,226,82,226,112,226,241,226,256,228,320,230,130,230,159,230,208,230,261,230,278,230,303,231,146,231,229,231,334,232,214,232,264,233,284,233,311,234,270,234,290,234,308,235,268,237,199,238,182
1,1,1,1,1,1,1,1,1,1,3,1,1,1,1,1,1,1,1,1,3,3,1,3,1,1,1,1,1,1,3,3,1,3,1,1,1,1,3,1,1,3,3,1,1,3,1,1,1,3,1,1,3,3,1,3,1,1,3,3,3,1,3,1,1,1,1,1,1,1,3,3,1,1,3,1,1,1,1,1,3,1,3,1,1,1,1,1,1,3,1,3,3,3,1,3,3,1,1,1,1,1,1,1,1,1,1,3,3,1,1,3,1,1,1,1,1,1,1,1,1,1,1,1,1,3,1,1,3,3,3,1,1,3,1,1,1,1,1,1,1,1,1,1,1,1,3,3,3,1,1,1,3,1,1,1,1,1,1,1,3,1,1,1,1,1,1,1,1,3,1,1,1,1,1,1,1,1,1,1,1,1,3,1,1,1,1,1,1,1,1,1,1,1,1,1,1,1,3,3,1,1,1,3,1,3,1,1,1,3,1,3,1,1,1,1,3,1,1,1,1,1,1,1,1,1,1,1,1,1,1,1,1,1,1,1,1,1,1,1,1,1,1,1,1,1,1,1,1,1,1,1

8_5.png
22,243,23,268,24,316,26,212,26,290,28,171,28,187,28,196,31,202,34,149,35,124,35,135,36,157,37,99,38,109,42,95,42,154,42,336,43,75,44,63,47,70,47,72,47,319,48,93,52,224,53,91,55,47,62,34,64,24,65,16,65,32,65,77,65,336,71,32,78,19,78,336,82,19,84,166,86,243,87,53,87,104,88,162,90,237,91,235,91,336,92,334,94,103,94,282,96,7,96,239,97,49,97,238,97,334,97,336,98,334,99,329,102,334,106,263,109,25,109,192,109,200,110,252,112,25,112,337,113,283,113,288,114,138,115,15,115,288,116,49,116,148,118,12,119,149,119,197,120,93,120,138,121,15,121,49,122,13,122,50,122,51,122,128,123,276,124,139,125,336,128,101,128,125,130,3,130,4,130,84,130,247,130,255,131,114,131,121,131,139,131,255,131,289,132,124,133,19,134,274,135,16,136,93,136,124,136,139,136,289,137,5,137,137,138,87,139,53,139,273,139,331,140,31,141,29,141,55,143,86,144,6,144,29,145,78,145,119,145,172,146,21,146,67,147,19,147,336,148,9,148,30,151,4,151,9,151,81,151,174,152,33,152,52,152,70,153,8,154,23,154,161,155,22,155,101,156,290,157,33,157,168,157,266,157,299,158,336,160,171,161,3,161,105,162,2,163,75,165,97,165,172,165,177,167,46,167,78,167,295,168,4,168,337,169,37,169,300,170,3,170,27,170,99,172,123,173,48,174,49,175,20,176,8,176,10,176,94,177,41,177,127,178,30,179,52,180,23,181,12,181,24,181,32,182,11,182,130,182,336,184,15,186,134,188,3,189,15,190,25,190,54,190,57,191,30,192,334,193,19,195,226,197,22,197,33,197,162,197,181,198,49,198,165,198,232,199,49,199,190,201,22,201,269,203,23,203,275,204,12,204,39,204,139,204,186,204,333,206,27,208,42,208,180,209,27,209,145,209,217,209,320,210,241,211,74,211,103,212,87,212,153,212,223,212,271,213,45,213,62,213,186,213,190,213,229,213,250,213,275,213,303,213,306,214,174,214,247,214,275,214,306,215,214,216,123,217,143
1,1,1,1,1,1,1,1,3,1,1,1,1,1,1,3,1,3,1,1,1,3,3,1,3,1,1,1,1,1,1,3,3,1,3,3,3,1,1,1,1,1,3,3,3,3,1,1,1,3,1,3,3,3,3,1,3,3,1,3,3,3,1,3,3,3,1,1,3,1,1,1,1,3,1,1,1,1,3,3,1,1,3,3,3,3,1,1,1,3,1,3,3,3,3,3,3,3,1,3,3,1,3,3,3,1,1,1,3,3,1,1,3,3,1,3,1,1,3,1,1,1,3,3,1,1,1,1,1,1,1,1,1,3,1,1,3,1,1,1,1,3,1,3,1,1,1,3,1,1,1,3,1,1,1,1,3,1,1,3,3,1,1,1,1,1,1,1,1,1,1,3,1,1,1,1,1,1,3,1,1,3,1,1,1,1,3,3,1,1,1,1,3,3,1,3,3,1,1,1,1,1,1,1,1,1,1,1,1,1,1,1,1,1,1,1,1,1,1,1,1,1,1,1,1,1,1,1,1,1,1,1,1,1,1,1,1,1,1

8_6.png
24,303,26,324,28,208,28,224,29,240,30,208,30,249,30,268,31,249,32,246,33,190,34,176,35,163,35,201,36,150,36,251,37,210,38,139,42,126,43,205,45,336,46,112,47,144,52,141,53,98,57,336,58,273,59,84,60,74,61,63,62,84,64,52,65,133,67,50,68,48,68,82,70,33,81,32,81,34,85,100,85,216,86,152,89,281,90,211,90,336,91,18,91,46,91,290,92,55,93,18,95,98,95,150,95,283,97,46,97,282,100,330,101,61,102,285,103,73,104,17,105,47,105,50,105,61,106,16,107,336,108,18,108,72,112,46,112,63,113,99,114,32,115,17,115,60,116,186,118,30,118,50,120,46,120,100,120,140,120,141,120,216,120,331,120,334,121,47,121,333,123,35,123,139,123,186,123,244,125,186,126,142,126,218,127,34,128,12,128,335,129,140,129,323,129,336,130,12,130,66,130,170,131,63,132,48,132,186,132,298,134,39,134,53,134,297,134,298,135,293,136,53,136,102,136,141,136,300,136,335,137,87,137,133,137,187,137,304,138,39,138,50,138,185,140,50,140,177,140,321,141,55,142,28,142,57,142,68,142,217,142,300,142,321,143,29,143,30,143,66,143,89,143,103,143,336,144,29,144,42,144,117,144,126,144,133,144,298,144,319,144,320,145,166,145,219,145,298,147,65,148,42,148,43,148,79,148,218,149,29,149,54,150,128,151,67,151,336,152,99,152,106,153,46,153,101,153,118,154,220,155,35,155,45,155,109,156,69,156,70,156,149,156,209,157,60,158,50,158,302,159,231,160,46,160,47,160,216,160,229,161,35,161,82,161,103,161,123,161,152,161,218,162,36,162,302,162,337,163,62,163,313,165,52,165,94,166,37,166,221,167,126,168,74,168,77,168,85,168,226,170,74,171,42,172,65,172,96,173,56,173,96,174,55,175,76,176,69,177,140,178,58,178,89,179,80,179,100,180,23,180,56,181,23,181,61,182,45,183,47,183,178,183,336,186,61,187,27,187,40,187,50,187,182,188,28,189,64,192,39,193,66,195,335,197,243,198,46,198,69,198,98,198,210,199,69,199,212,199,231,200,47,200,248,202,85,202,101,202,239,203,60,204,72,205,235,206,73,206,89,206,336,207,235,207,312,209,239,209,320,211,121,211,150,212,229,213,94,214,136,214,151,214,201,215,108,215,125,215,127,215,235,216,337,217,140,217,142,217,155,217,264,218,173,218,225,218,270,219,191,219,240,221,321,222,327,223,265,223,303,225,284,225,335,226,308,229,321
1,1,1,1,1,1,1,1,3,1,1,1,1,1,1,3,1,1,1,1,3,1,1,1,1,3,3,1,1,1,1,1,1,1,1,1,1,3,1,1,1,1,3,1,3,1,1,1,1,1,1,1,3,1,3,1,1,3,1,1,3,1,1,1,3,1,1,1,1,1,1,1,1,1,1,1,1,1,3,1,1,3,3,3,3,1,1,1,3,3,1,1,1,1,3,1,3,3,1,1,3,3,1,3,3,1,1,3,3,1,3,1,1,3,1,1,1,3,3,1,1,1,1,1,3,3,1,1,1,1,3,3,3,1,3,1,1,3,1,1,1,1,1,3,3,3,3,1,3,1,1,1,1,1,1,1,1,1,3,1,1,1,1,1,1,1,1,1,1,3,1,1,1,1,3,3,1,3,1,1,1,1,1,1,1,1,1,3,3,1,3,1,1,1,1,1,3,1,1,3,1,1,1,1,1,1,1,1,1,1,1,1,1,1,1,1,1,1,1,1,3,3,1,1,1,1,3,1,1,1,1,3,1,1,1,1,3,1,3,1,1,1,1,1,1,1,1,1,1,1,3,1,1,1,1,1,1,1,1,1,1,1,1,1,1,1,3,1,1,1,1,1,1,1,1,1,1,1,1,1,1,1,1,1

11_1.png
32,289,33,236,33,304,33,306,35,278,36,219,36,245,36,259,36,297,36,313,37,201,37,255,37,297,38,292,38,308,39,269,39,325,41,303,42,179,42,260,42,298,42,302,45,310,45,312,46,248,46,250,47,150,47,284,47,303,48,158,48,240,49,138,49,278,49,300,50,336,51,166,51,337,52,191,52,253,53,325,53,336,55,247,56,185,56,321,57,161,58,121,59,121,59,316,60,255,62,126,63,212,63,249,63,264,63,337,66,106,66,203,66,208,68,84,68,94,69,114,69,306,70,300,72,323,74,70,74,319,75,265,77,111,78,56,78,301,79,261,79,273,80,262,80,336,81,336,82,257,84,286,86,212,86,280,88,272,89,267,89,323,90,140,91,75,91,322,92,250,92,255,94,35,94,38,95,37,96,139,97,154,97,308,98,146,99,287,100,27,100,74,100,94,101,101,101,290,101,336,102,26,103,241,104,148,107,26,108,235,109,206,110,96,112,219,112,233,117,14,119,44,120,14,120,223,121,43,122,270,122,302,125,16,129,200,132,16,133,261,133,321,136,271,136,280,137,237,138,17,138,116,138,278,142,286,143,19,143,285,143,286,143,287,144,286,144,292,145,9,147,269,148,289,149,55,151,299,152,22,152,185,152,281,152,304,152,320,153,175,154,203,154,286,157,309,158,309,160,158,161,196,162,312,163,6,164,214,166,148,167,326,168,183,168,199,169,7,170,186,170,201,171,143,172,211,174,11,174,213,176,336,180,209,180,222,182,180,182,197,182,209,182,227,183,208,183,210,184,210,187,16,187,192,188,145,190,180,190,218,190,321,192,20,194,142,195,307,195,322,201,194,201,213,202,196,203,42,204,314,205,18,205,201,205,221,206,19,206,318,207,192,208,195,208,213,210,199,211,219,212,147,213,24,213,221,213,223,213,324,214,241,216,120,216,143,217,235,217,239,217,251,219,153,219,220,220,146,221,150,223,251,224,253,226,145,227,240,228,149,229,153,229,312,233,292,234,228,237,44,237,58,237,308,238,74,238,86,238,99,238,110,238,122,238,135,238,153,238,173,239,196,239,221,239,273,239,289,240,253,240,291,240,327,240,335,241,311,242,302,242,313
1,1,1,1,1,1,1,1,1,1,1,1,1,1,1,1,1,1,1,1,1,1,1,1,1,1,1,1,1,1,1,1,1,1,1,1,3,1,1,1,3,1,1,1,1,1,3,1,1,3,1,1,1,3,1,3,1,1,1,1,1,1,1,1,1,1,1,1,1,1,1,1,1,3,1,1,3,1,1,1,1,1,1,3,1,1,1,1,3,1,1,1,1,1,1,1,3,3,3,3,1,1,1,1,1,3,3,3,3,1,1,1,1,1,3,1,1,3,1,1,1,3,1,3,1,1,3,1,1,1,1,1,1,3,1,3,3,3,3,1,3,1,1,3,1,3,1,1,1,3,3,1,1,3,3,1,3,3,1,3,3,3,3,1,3,3,3,3,3,3,3,3,3,3,3,1,3,3,3,3,1,1,3,3,1,3,3,3,3,1,1,3,3,1,1,3,3,3,3,3,3,1,3,1,3,3,1,3,1,3,3,4,3,3,3,3,1,3,1,3,3,1,3,3,1,1,1,1,1,1,1,1,1,1,1,1,1,1,3,1,1,1,1,1,1,1

11_2.png
21,222,21,253,21,285,22,201,22,235,22,280,23,262,23,263,23,296,26,256,26,307,26,308,27,269,27,286,27,301,28,265,29,175,30,151,30,175,31,161,31,170,31,277,31,315,31,330,33,171,33,306,33,313,33,326,35,266,36,320,37,167,37,317,38,132,38,258,38,260,38,296,38,333,39,290,39,310,41,325,42,249,43,117,44,337,45,335,46,195,49,104,49,327,50,82,50,93,50,191,51,337,52,266,52,334,54,262,54,274,55,327,57,72,57,75,59,212,60,118,61,57,62,54,62,63,62,332,66,278,67,116,67,315,70,285,71,54,72,45,73,268,74,56,74,300,75,295,77,34,79,25,79,81,79,223,80,337,82,270,83,147,84,262,85,259,85,325,87,302,88,147,88,256,88,336,89,33,89,55,89,56,90,80,90,306,91,159,92,153,93,33,94,257,94,320,97,327,97,331,98,155,99,44,99,103,99,251,99,335,99,336,101,58,101,217,103,320,103,325,104,52,104,248,105,44,105,59,106,10,106,52,109,237,110,237,110,295,110,318,111,323,111,326,112,70,112,285,114,295,118,72,121,212,121,279,122,241,123,296,125,337,126,238,126,286,126,294,128,15,128,16,128,122,128,253,129,285,131,303,133,5,133,62,134,5,135,206,136,7,137,316,139,322,140,199,140,336,141,189,142,303,143,197,144,301,145,216,149,5,149,139,150,331,152,134,152,168,152,209,156,7,156,336,156,337,157,194,160,213,162,211,164,204,164,206,164,225,165,207,165,321,167,11,167,82,167,209,167,320,168,209,168,222,169,239,171,189,172,211,174,86,174,225,174,235,174,240,175,225,175,233,178,186,178,205,180,233,181,326,183,237,185,244,188,332,189,44,189,221,191,208,194,16,194,18,195,220,196,238,198,207,200,235,202,237,203,127,203,242,203,258,203,324,203,336,204,26,205,251,205,258,205,268,206,158,206,336,208,235,209,154,209,155,209,266,209,331,211,165,211,270,211,331,213,152,213,249,213,321,214,153,215,246,215,259,216,246,216,310,217,154,217,244,218,37,218,247,218,313,219,163,219,252,221,281,223,246,223,290,224,153,224,289,226,264,227,55,227,256,229,271,232,76,232,88,232,246,235,74,236,74,236,104,236,130,236,225,237,205,238,119,238,161,239,144,240,186
1,1,1,1,1,1,1,1,1,1,1,1,1,1,1,1,1,1,1,1,1,1,1,1,1,1,1,1,1,1,1,1,1,1,1,1,1,1,1,1,1,1,3,1,1,1,1,1,1,1,3,1,1,1,1,1,1,3,3,1,1,1,1,1,1,1,1,1,1,1,1,3,1,1,1,1,1,3,3,1,1,1,1,1,1,1,1,1,1,1,3,1,3,1,1,1,1,1,1,1,1,1,3,1,1,1,1,3,1,1,1,3,1,1,1,1,1,1,3,1,1,1,1,3,3,1,3,1,3,1,3,1,3,3,3,1,1,3,1,3,1,3,1,3,1,3,1,3,1,3,1,3,3,3,1,3,1,3,3,3,1,1,3,3,3,3,3,3,3,3,1,1,1,3,3,3,3,1,3,3,1,3,1,1,3,3,3,3,3,3,1,1,1,1,3,3,1,1,3,3,3,3,3,1,1,3,1,3,1,1,3,3,3,1,3,1,1,3,1,3,1,1,3,1,1,3,3,1,3,3,3,1,1,3,1,3,1,1,3,1,3,1,1,1,1,1,1,1,1,1,1,1,1,1,1,1,1,1,1

11_3.png
16,283,17,279,18,225,18,238,18,252,18,266,19,235,21,206,21,232,21,234,21,285,22,179,22,190,22,282,23,190,23,228,23,294,24,167,25,186,25,271,26,309,26,311,27,151,27,302,28,272,29,264,29,319,31,137,31,279,33,188,33,330,34,214,34,326,35,115,35,272,35,302,35,307,36,124,36,319,38,184,38,209,38,336,40,281,40,332,41,307,42,100,43,275,43,288,43,301,45,317,47,228,47,332,47,337,48,137,48,327,49,82,49,94,50,302,52,297,53,293,55,135,56,327,57,73,58,287,58,299,59,289,61,67,61,283,61,321,61,334,62,169,62,313,63,308,67,167,67,300,68,54,68,237,68,291,68,335,69,45,70,165,70,284,70,307,70,318,70,321,71,276,72,99,73,272,74,307,76,163,76,314,77,269,79,100,79,179,79,319,80,171,82,270,83,335,86,83,86,86,87,263,88,172,89,319,89,325,90,122,90,232,91,334,92,261,95,70,97,31,98,251,99,70,99,251,99,297,99,332,99,333,102,21,102,22,107,336,108,22,108,290,109,226,109,292,111,290,114,300,116,265,118,141,119,314,121,12,122,19,123,13,124,298,126,80,126,329,129,7,131,204,134,211,135,229,137,9,139,24,139,182,141,11,141,31,142,222,144,26,146,5,147,5,149,211,149,226,150,212,150,227,154,27,154,239,155,8,156,313,157,315,159,237,159,250,159,254,162,190,162,224,162,256,163,207,164,239,164,247,166,14,168,187,168,218,170,247,171,207,175,8,175,18,176,9,176,212,178,20,179,336,180,69,181,223,182,243,183,26,183,211,184,229,184,243,185,251,187,242,187,243,188,222,189,169,190,249,191,228,192,251,193,165,193,174,193,256,193,271,193,280,193,326,194,271,195,263,196,146,197,331,198,170,198,250,198,329,199,181,199,280,200,171,201,180,201,286,201,319,203,38,203,176,203,323,203,324,204,169,204,261,204,262,204,271,205,310,206,286,207,175,207,281,207,286,209,44,209,180,211,44,211,252,212,44,213,47,215,271,215,279,216,283,218,64,219,249,220,249,222,232,222,256,224,216,225,83,225,149,225,175,225,194,226,124,227,98,227,140,228,112,228,164
1,1,1,1,1,1,1,1,1,1,1,1,1,1,1,1,1,1,1,1,1,1,1,1,1,1,1,1,1,1,1,1,1,1,1,1,1,1,1,1,1,1,1,1,1,1,1,1,1,1,3,1,3,1,1,3,3,1,1,1,1,1,1,1,1,1,1,1,1,1,1,1,1,1,1,1,3,1,1,1,1,1,1,1,1,1,1,1,1,1,1,1,1,1,3,1,1,1,1,3,1,1,1,1,3,3,1,3,1,1,1,1,1,3,1,1,1,1,3,1,1,3,3,1,3,3,1,3,1,1,3,3,3,3,1,3,3,3,1,1,3,1,3,3,3,1,1,3,3,3,3,3,3,1,3,3,3,3,1,3,3,1,3,4,3,1,3,3,3,3,1,1,1,3,1,1,3,3,3,1,3,3,3,3,3,3,3,3,3,3,3,3,3,1,3,3,1,3,1,1,1,3,3,1,3,3,3,3,1,1,1,3,1,1,3,3,1,1,1,1,3,1,1,1,3,3,1,1,1,1,1,1,1,3,1,1,1,1,1,1,1,1,1,1,1,1,1

11_4.png
26,252,27,215,27,231,28,196,28,212,31,192,31,287,31,288,32,204,33,189,33,252,33,282,34,279,35,259,35,309,35,311,36,171,36,291,38,148,38,159,38,317,39,301,39,302,40,314,41,136,41,264,41,281,42,223,42,261,42,295,43,272,43,325,44,307,45,126,45,139,45,307,45,335,46,301,46,317,47,224,48,262,48,314,48,331,49,329,50,114,50,253,50,310,51,290,51,305,52,255,53,284,53,319,54,246,54,332,55,88,56,99,57,78,58,329,59,68,59,307,59,336,60,195,60,302,60,334,61,322,62,75,62,331,64,328,65,190,66,308,66,323,68,269,68,305,71,51,71,316,72,310,72,333,74,64,74,210,74,328,75,74,77,37,77,61,79,273,80,62,80,311,82,73,83,25,84,271,84,281,88,297,89,291,91,66,91,324,92,56,92,70,92,319,93,221,94,45,94,55,96,15,96,267,98,260,99,148,99,208,99,289,99,321,100,291,101,298,102,212,102,337,104,147,104,302,106,162,107,8,108,255,110,8,110,155,112,157,112,180,112,249,114,187,115,9,115,217,116,317,117,17,117,323,118,105,118,246,123,51,123,318,124,236,126,235,126,282,128,51,135,211,135,276,136,263,138,337,139,260,140,285,142,251,145,126,145,300,146,47,149,126,150,283,150,336,151,39,151,120,151,206,151,316,153,202,153,204,154,68,154,100,155,63,155,68,155,199,157,296,158,92,158,198,159,192,160,192,160,296,162,190,162,215,167,169,168,209,169,337,170,336,173,6,173,34,174,196,174,212,175,26,176,3,176,26,177,210,178,3,180,208,180,226,181,20,181,207,181,323,181,336,182,207,183,50,183,223,184,218,185,326,187,43,188,192,188,211,189,194,189,217,189,226,189,331,190,226,190,236,191,234,192,194,193,191,194,191,194,192,194,207,196,234,202,324,203,328,204,48,205,46,205,47,205,50,208,233,208,332,211,238,212,273,212,336,213,19,213,225,213,335,214,45,214,232,214,280,215,156,216,237,216,328,218,259,218,314,219,246,219,267,220,152,220,224,220,259,221,26,221,251,222,163,223,134,224,163,224,266,225,162,225,170,226,162,226,307,227,162,227,170,227,274,229,168,229,251,229,294,230,168,230,250,231,35,231,262,232,249,232,250,232,267,233,159,234,253,236,169,238,54,238,81,238,247,239,67,239,94,240,108,240,132,240,143,240,205,240,227,241,121,241,163,241,182
1,1,1,1,1,1,1,1,1,1,1,1,1,1,1,1,1,1,1,1,1,1,1,1,1,1,1,3,1,1,1,1,1,1,3,1,1,1,1,3,1,1,1,1,1,1,1,1,1,1,1,1,1,1,1,1,1,1,1,1,1,1,1,1,1,1,1,1,1,1,1,1,1,1,1,1,1,3,3,1,3,1,3,1,3,1,3,1,1,1,1,1,1,1,3,3,1,3,3,3,1,1,1,1,1,3,1,1,1,3,3,1,3,1,1,1,1,1,1,3,1,3,1,3,1,1,1,3,3,1,1,1,1,3,1,3,1,3,3,1,3,3,1,3,3,3,3,3,3,3,3,3,3,3,1,3,3,3,3,3,3,3,3,3,1,3,3,3,3,3,1,3,3,3,3,3,3,3,3,1,3,3,3,3,1,3,3,3,3,3,1,3,3,3,3,3,3,1,3,1,3,3,1,1,3,3,3,1,1,3,3,3,3,3,1,3,1,1,1,3,1,3,3,1,3,3,1,3,1,1,3,3,3,3,1,1,3,1,3,3,3,3,3,1,3,3,1,3,1,1,3,3,1,1,1,3,1,3,1,3,1,1,1,1,1,1,1,1,1,1,1,1,1

11_5.png
12,202,12,229,12,242,13,214,13,239,14,186,14,274,15,251,16,168,18,280,19,241,19,293,20,308,20,310,21,129,21,139,21,289,22,268,23,231,23,264,23,285,24,232,24,299,25,324,26,145,26,224,28,112,28,238,28,308,29,314,30,234,31,332,32,173,32,301,33,97,36,240,36,308,37,168,37,320,38,267,38,302,39,235,39,247,39,261,39,330,40,316,42,73,42,336,43,82,43,312,45,188,45,307,47,335,48,60,50,251,50,290,50,334,52,335,53,328,54,259,55,52,55,54,55,247,55,248,55,326,56,335,56,337,57,245,57,275,59,270,63,255,63,258,64,35,64,198,65,294,66,268,66,332,68,237,68,243,68,295,69,26,69,298,70,187,71,270,72,16,72,127,72,189,72,275,75,281,76,336,78,60,78,125,78,232,79,5,79,140,83,158,84,61,84,225,85,296,86,165,86,193,88,223,89,300,93,83,94,213,94,293,95,260,96,212,96,318,101,323,102,316,103,33,104,252,105,188,106,240,108,33,109,236,109,262,110,271,112,228,114,101,115,98,116,276,117,232,118,282,119,229,119,261,120,105,120,216,120,332,121,293,122,4,122,214,123,334,126,326,126,336,127,174,128,173,128,174,129,168,131,194,134,50,136,323,138,223,139,186,140,221,141,148,142,301,144,189,145,174,145,263,146,262,146,306,149,183,149,191,149,202,150,182,151,182,152,278,153,280,154,201,155,315,157,319,158,190,158,218,159,203,159,213,159,217,160,211,160,226,160,319,161,202,161,226,164,184,164,304,164,320,165,211,172,311,174,200,175,315,178,188,180,323,181,200,181,214,184,187,184,212,187,34,187,336,188,133,188,219,188,237,190,30,190,236,190,247,191,225,193,129,193,138,194,245,194,310,194,329,195,27,197,248,198,111,198,135,198,145,198,319,199,135,199,329,199,330,200,143,200,225,201,135,202,305,203,133,203,290,204,133,204,225,204,230,208,223,208,296,209,145,209,273,213,279,214,284,216,213,217,212,218,9,219,10,219,267,223,242,224,29,224,206,225,213,230,225,231,168,231,202,232,177,233,64,233,165,234,50,236,69,237,69,237,99,237,112,237,138,238,86,239,127,239,162
1,1,1,1,1,1,1,1,1,1,1,1,1,1,1,1,1,1,1,1,1,1,1,1,1,1,1,1,1,3,1,1,1,1,1,1,1,1,1,1,1,1,1,1,1,1,1,1,1,1,3,1,3,1,1,1,3,1,1,1,1,3,1,1,1,1,3,1,1,1,1,1,1,3,3,1,1,1,1,1,1,1,1,1,1,1,3,1,3,3,1,1,1,1,1,3,1,1,1,3,3,3,1,3,1,1,3,1,1,1,1,1,1,3,3,1,1,3,1,3,1,3,1,3,3,1,3,1,3,1,3,3,1,1,1,3,3,3,3,3,3,1,1,3,3,1,3,3,3,3,3,1,3,3,3,3,3,3,3,3,3,1,1,3,3,3,1,1,3,3,1,3,1,3,3,1,3,1,3,1,3,3,3,3,3,3,3,1,3,1,3,3,3,3,1,3,3,3,1,1,3,1,1,3,3,1,3,1,1,3,3,3,1,3,3,3,3,1,3,1,3,1,1,1,3,1,1,1,1,1,1,3,3,1,3,1,1,1,1,1,1,1,1,1,1,1,1,1

11_6.png
26,216,26,231,26,246,26,258,27,199,27,289,30,178,30,280,31,262,31,295,33,162,33,257,34,140,34,151,34,271,35,173,35,307,35,322,36,336,37,305,37,318,38,168,38,300,39,260,39,313,39,331,41,290,41,308,42,249,42,303,42,325,43,252,43,283,44,120,44,318,45,332,46,243,49,336,50,325,51,194,52,321,53,96,53,104,55,141,55,189,56,142,56,259,56,327,58,267,58,287,58,322,59,255,59,281,60,81,63,332,64,65,64,209,65,327,66,72,66,117,68,75,69,60,69,62,69,63,69,272,70,310,70,337,72,280,73,114,74,270,75,55,75,267,76,308,77,265,78,295,78,305,80,288,82,47,82,280,83,219,83,275,84,49,85,57,85,314,86,37,88,146,88,257,89,27,89,263,89,287,90,82,90,289,90,296,94,145,95,160,95,301,97,152,98,81,98,252,103,154,103,246,105,215,107,104,107,244,107,315,108,321,111,233,113,53,113,313,115,233,116,280,117,241,117,242,118,52,119,14,122,273,122,336,125,209,126,260,128,237,129,257,130,235,130,282,130,336,132,249,135,122,135,280,137,279,137,301,138,6,138,279,142,312,144,69,144,242,146,240,148,195,149,190,150,190,151,214,152,188,157,167,157,334,158,207,159,8,159,318,160,319,165,210,166,5,166,196,166,209,166,212,168,198,169,10,170,208,170,225,172,206,172,298,173,206,173,300,174,223,174,234,175,14,178,210,178,226,180,15,182,224,184,204,185,325,191,11,191,13,192,332,197,228,198,53,201,48,201,236,201,273,201,275,202,20,203,228,204,234,205,46,208,24,208,240,208,256,208,325,209,249,210,158,210,267,210,335,211,255,212,129,213,330,214,165,214,265,214,331,215,155,216,32,216,155,216,269,217,163,217,321,218,124,218,255,220,245,221,245,221,309,222,154,222,243,223,120,223,246,225,165,226,280,226,304,227,40,227,237,229,243,229,245,231,258,232,265,234,274,236,163,237,61,237,74,237,245,238,168,239,102,239,116,239,128,239,224,240,92,240,140,240,202,241,155,241,176
1,1,1,1,1,1,1,1,1,1,1,1,1,1,1,1,1,1,1,1,1,1,1,1,1,1,1,1,1,1,1,1,1,1,1,1,1,1,1,1,1,1,1,1,1,3,1,1,1,1,1,1,1,1,1,1,3,1,1,1,3,3,3,3,1,1,3,1,1,1,1,1,1,1,1,1,1,1,1,3,1,3,3,3,1,1,1,1,1,3,1,1,1,1,1,3,1,1,1,1,1,3,3,3,1,1,1,1,1,1,3,3,1,1,1,1,1,3,3,3,1,1,3,3,3,1,3,3,3,1,3,3,1,3,1,3,3,3,3,3,3,3,3,1,3,3,3,1,3,3,3,3,3,3,3,3,3,3,3,3,3,1,3,3,1,3,3,3,1,1,1,3,3,3,3,1,1,1,3,3,3,1,1,3,1,1,3,3,1,3,1,1,3,3,1,3,1,3,1,3,1,3,1,3,3,1,3,1,3,3,3,1,1,1,1,1,3,1,1,1,3,1,1,1,3,1,1,1,1,1,1,1,1,1